0 65
1 17
2 0
3 48
4 45
5 96
6 71
7 86
8 59
9 38
10 86
11 48
12 10
13 53
14 24
15 92
16 42
17 64
18 41
19 76
20 67
21 63
22 63
23 98
24 63
25 84
26 17
27 64
28 73
29 67
30 14
31 47
32 0
33 79
34 9
35 60
36 90
37 54
38 5
39 90
40 15
41 12
42 0
43 0
44 98
45 38
46 60
47 18
48 0
49 93
50 76
51 0
52 6
53 15
54 47
55 21
56 51
57 72
58 79
59 18
60 83
61 0
62 26
63 38
64 0
65 5
66 72
67 21
68 28
69 57
70 60
71 0
72 36
73 52
74 8
75 30
76 57
77 94
78 98
79 84
80 19
81 52
82 86
83 93
84 78
85 3
86 35
87 88
88 29
89 80
90 43
91 57
92 49
93 44
94 69
95 30
96 98
97 26
98 11
99 34
nodes: 627456   cpu: 30000
