0 3
1 31
2 0
3 42
4 15
5 6
6 31
7 6
8 34
9 39
10 23
11 27
12 42
13 42
14 16
15 23
16 33
17 42
18 36
19 31
20 2
21 0
22 14
23 37
24 2
25 19
26 26
27 25
28 36
29 3
30 24
31 33
32 36
33 11
34 6
35 3
36 16
37 19
38 28
39 19
40 31
41 21
42 0
43 34
44 38
45 0
46 0
47 3
48 0
49 21
50 6
51 13
52 5
53 39
54 24
55 9
56 38
57 11
58 9
59 9
60 37
61 6
62 34
63 28
64 23
65 0
66 31
67 11
68 35
69 31
70 17
71 40
72 24
73 3
74 41
75 10
76 15
77 29
78 19
79 19
80 5
81 29
82 27
83 18
84 41
85 16
86 21
87 12
88 2
89 38
90 39
91 42
92 29
93 0
94 14
95 15
96 33
97 11
98 8
99 26
nodes: 143218   cpu: 10000
