0 2
1 5
2 42
3 42
4 29
5 20
6 4
7 16
8 18
9 0
10 39
11 42
12 8
13 36
14 33
15 15
16 35
17 11
18 11
19 0
20 17
21 37
22 8
23 22
24 26
25 4
26 28
27 13
28 33
29 29
30 18
31 6
32 39
33 42
34 27
35 25
36 23
37 0
38 42
39 21
40 40
41 25
42 33
43 20
44 0
45 33
46 6
47 0
48 13
49 6
50 15
51 5
52 9
53 8
54 2
55 35
56 38
57 4
58 22
59 41
60 0
61 33
62 16
63 3
64 25
65 4
66 26
67 23
68 38
69 31
70 20
71 18
72 25
73 11
74 20
75 28
76 36
77 31
78 31
79 11
80 6
81 15
82 31
83 16
84 2
85 13
86 2
87 20
88 40
89 8
90 24
91 25
92 36
93 29
94 10
95 0
96 34
97 23
98 36
99 36
nodes: 103796   cpu: 10000
