0 0
1 52
2 59
3 94
4 83
5 63
6 14
7 85
8 51
9 0
10 86
11 49
12 3
13 69
14 83
15 56
16 56
17 56
18 26
19 24
20 91
21 43
22 88
23 49
24 31
25 78
26 16
27 2
28 20
29 37
30 81
31 87
32 20
33 55
34 31
35 17
36 11
37 94
38 91
39 65
40 72
41 22
42 19
43 7
44 64
45 60
46 30
47 19
48 72
49 94
50 26
51 35
52 70
53 40
54 81
55 25
56 22
57 36
58 58
59 52
60 2
61 11
62 34
63 27
64 18
65 40
66 47
67 0
68 47
69 78
70 0
71 43
72 62
73 24
74 61
75 92
76 33
77 62
78 32
79 25
80 75
81 0
82 84
83 10
84 46
85 72
86 11
87 9
88 68
89 94
90 46
91 78
92 65
93 46
94 41
95 6
96 55
97 15
98 76
99 3
nodes: 226494   cpu: 10000
