0 84
1 98
2 63
3 108
4 90
5 66
6 41
7 10
8 8
9 77
10 62
11 79
12 70
13 108
14 52
15 14
16 4
17 46
18 106
19 47
20 0
21 55
22 49
23 100
24 15
25 8
26 86
27 16
28 97
29 102
30 107
31 88
32 72
33 0
34 33
35 18
36 59
37 107
38 77
39 19
40 59
41 5
42 39
43 101
44 0
45 28
46 87
47 0
48 28
49 46
50 95
51 4
52 31
53 68
54 74
55 12
56 34
57 53
58 28
59 16
60 18
61 47
62 22
63 44
64 52
65 40
66 75
67 104
68 13
69 91
70 87
71 84
72 93
73 23
74 0
75 16
76 95
77 93
78 0
79 81
80 2
81 37
82 69
83 13
84 78
85 22
86 77
87 0
88 28
89 56
90 101
91 108
92 41
93 89
94 17
95 33
96 0
97 25
98 38
99 54
nodes: 179797   cpu: 10000
