0 11
1 31
2 5
3 11
4 14
5 25
6 38
7 24
8 19
9 35
10 27
11 23
12 38
13 26
14 32
15 34
16 3
17 3
18 17
19 0
20 24
21 29
22 8
23 0
24 24
25 39
26 4
27 34
28 40
29 21
30 41
31 31
32 28
33 30
34 0
35 36
36 21
37 28
38 36
39 41
40 36
41 19
42 8
43 15
44 38
45 34
46 15
47 9
48 2
49 2
50 18
51 13
52 38
53 32
54 0
55 6
56 32
57 22
58 41
59 28
60 7
61 4
62 39
63 14
64 0
65 41
66 2
67 33
68 36
69 28
70 34
71 17
72 22
73 2
74 19
75 9
76 0
77 4
78 39
79 5
80 12
81 14
82 31
83 41
84 36
85 7
86 10
87 21
88 12
89 3
90 15
91 6
92 33
93 26
94 29
95 0
96 8
97 8
98 17
99 24
nodes: 122739   cpu: 10000
