0 38
1 4
2 26
3 0
4 5
5 6
6 28
7 4
8 44
9 9
10 40
11 35
12 6
13 42
14 40
15 40
16 30
17 20
18 7
19 8
20 36
21 36
22 26
23 2
24 30
25 41
26 35
27 17
28 17
29 28
30 8
31 2
32 7
33 10
34 18
35 2
36 25
37 5
38 7
39 32
40 23
41 3
42 44
43 31
44 43
45 4
46 11
47 36
48 27
49 21
50 19
51 22
52 44
53 7
54 0
55 12
56 28
57 31
58 34
59 38
60 33
61 20
62 34
63 20
64 42
65 24
66 26
67 15
68 0
69 18
70 13
71 42
72 25
73 10
74 23
75 12
76 3
77 37
78 6
79 40
80 20
81 10
82 32
83 44
84 9
85 23
86 3
87 12
88 42
89 14
90 0
91 0
92 0
93 7
94 0
95 3
96 15
97 16
98 33
99 38
nodes: 117268   cpu: 10000
