0 6
1 34
2 7
3 4
4 11
5 7
6 3
7 17
8 29
9 24
10 31
11 32
12 22
13 12
14 6
15 2
16 27
17 37
18 27
19 37
20 39
21 8
22 25
23 11
24 29
25 0
26 20
27 2
28 40
29 26
30 22
31 40
32 3
33 14
34 40
35 4
36 22
37 29
38 19
39 19
40 16
41 42
42 12
43 16
44 2
45 27
46 22
47 30
48 5
49 30
50 24
51 14
52 0
53 12
54 42
55 0
56 35
57 19
58 37
59 14
60 26
61 0
62 8
63 6
64 10
65 24
66 37
67 18
68 2
69 37
70 16
71 14
72 0
73 24
74 25
75 34
76 12
77 19
78 15
79 31
80 27
81 10
82 5
83 16
84 42
85 42
86 9
87 33
88 40
89 20
90 22
91 0
92 34
93 0
94 37
95 32
96 35
97 32
98 27
99 10
nodes: 112862   cpu: 10000
