0 4
1 54
2 36
3 64
4 94
5 78
6 59
7 87
8 62
9 93
10 73
11 44
12 9
13 103
14 0
15 95
16 89
17 36
18 39
19 51
20 2
21 58
22 99
23 87
24 32
25 51
26 69
27 21
28 80
29 70
30 45
31 0
32 28
33 85
34 16
35 81
36 91
37 15
38 13
39 0
40 30
41 70
42 60
43 0
44 68
45 47
46 0
47 96
48 49
49 47
50 45
51 105
52 25
53 96
54 90
55 41
56 29
57 94
58 96
59 18
60 54
61 78
62 27
63 88
64 6
65 85
66 32
67 57
68 43
69 19
70 39
71 11
72 105
73 28
74 68
75 16
76 79
77 22
78 74
79 65
80 53
81 73
82 104
83 66
84 81
85 39
86 64
87 21
88 0
89 75
90 78
91 39
92 84
93 102
94 100
95 79
96 4
97 13
98 8
99 31
nodes: 254413   cpu: 10000
