0 15
1 79
2 4
3 53
4 90
5 90
6 30
7 70
8 83
9 25
10 65
11 51
12 91
13 26
14 25
15 0
16 47
17 82
18 68
19 58
20 0
21 9
22 80
23 0
24 76
25 13
26 3
27 76
28 72
29 5
30 2
31 39
32 76
33 89
34 79
35 43
36 0
37 62
38 65
39 6
40 27
41 28
42 30
43 37
44 56
45 26
46 32
47 6
48 34
49 88
50 52
51 43
52 19
53 86
54 21
55 37
56 84
57 10
58 42
59 19
60 91
61 34
62 0
63 16
64 38
65 36
66 44
67 59
68 15
69 24
70 46
71 61
72 7
73 55
74 86
75 3
76 7
77 24
78 51
79 60
80 64
81 33
82 67
83 82
84 67
85 55
86 33
87 75
88 12
89 8
90 23
91 70
92 67
93 46
94 15
95 0
96 8
97 19
98 86
99 42
nodes: 218396   cpu: 10000
