0 0
1 49
2 36
3 91
4 59
5 63
6 14
7 103
8 51
9 0
10 86
11 49
12 3
13 114
14 81
15 56
16 56
17 25
18 92
19 81
20 30
21 43
22 92
23 49
24 29
25 75
26 87
27 2
28 20
29 37
30 81
31 70
32 105
33 55
34 31
35 75
36 11
37 86
38 75
39 65
40 96
41 69
42 19
43 7
44 64
45 60
46 30
47 19
48 72
49 88
50 26
51 35
52 105
53 39
54 99
55 25
56 22
57 92
58 61
59 52
60 2
61 11
62 34
63 27
64 18
65 38
66 101
67 0
68 47
69 78
70 0
71 43
72 66
73 72
74 58
75 88
76 18
77 70
78 52
79 85
80 95
81 0
82 101
83 10
84 114
85 60
86 11
87 9
88 83
89 21
90 42
91 78
92 65
93 46
94 41
95 6
96 52
97 15
98 73
99 3
nodes: 100   cpu: 79
