0 15
1 73
2 4
3 53
4 73
5 39
6 29
7 41
8 75
9 25
10 43
11 51
12 104
13 26
14 25
15 0
16 47
17 91
18 85
19 58
20 0
21 9
22 68
23 0
24 77
25 13
26 3
27 102
28 101
29 5
30 2
31 74
32 75
33 42
34 78
35 103
36 0
37 62
38 65
39 6
40 27
41 28
42 15
43 50
44 56
45 26
46 32
47 6
48 34
49 70
50 52
51 80
52 19
53 64
54 93
55 94
56 93
57 10
58 82
59 19
60 66
61 34
62 0
63 16
64 99
65 36
66 47
67 59
68 15
69 24
70 95
71 77
72 7
73 41
74 34
75 3
76 71
77 24
78 51
79 60
80 80
81 33
82 89
83 38
84 86
85 55
86 33
87 39
88 10
89 8
90 23
91 86
92 84
93 41
94 30
95 0
96 8
97 19
98 63
99 42
nodes: 100   cpu: 76
