0 33
1 36
2 63
3 87
4 7
5 97
6 41
7 10
8 8
9 77
10 62
11 79
12 70
13 115
14 129
15 14
16 4
17 46
18 112
19 106
20 0
21 55
22 49
23 117
24 97
25 8
26 86
27 38
28 103
29 109
30 61
31 92
32 72
33 0
34 99
35 18
36 59
37 97
38 77
39 3
40 59
41 5
42 39
43 112
44 0
45 110
46 122
47 0
48 28
49 46
50 101
51 4
52 31
53 68
54 70
55 12
56 34
57 53
58 28
59 16
60 18
61 47
62 18
63 93
64 52
65 99
66 75
67 15
68 13
69 126
70 104
71 107
72 41
73 23
74 0
75 16
76 87
77 89
78 0
79 81
80 2
81 87
82 48
83 54
84 42
85 22
86 77
87 0
88 28
89 56
90 29
91 94
92 41
93 89
94 10
95 33
96 102
97 25
98 38
99 118
nodes: 100   cpu: 81
