0 4
1 54
2 36
3 64
4 85
5 78
6 59
7 115
8 116
9 98
10 73
11 44
12 9
13 77
14 0
15 95
16 10
17 36
18 101
19 58
20 2
21 58
22 81
23 104
24 32
25 51
26 69
27 107
28 47
29 66
30 99
31 0
32 28
33 104
34 90
35 81
36 111
37 15
38 13
39 0
40 30
41 70
42 60
43 0
44 68
45 14
46 0
47 93
48 17
49 47
50 45
51 91
52 25
53 38
54 90
55 112
56 29
57 110
58 115
59 18
60 54
61 97
62 27
63 110
64 6
65 85
66 32
67 57
68 93
69 20
70 39
71 11
72 43
73 28
74 48
75 16
76 75
77 22
78 120
79 65
80 53
81 73
82 101
83 66
84 81
85 73
86 64
87 21
88 0
89 75
90 78
91 39
92 84
93 94
94 85
95 11
96 4
97 13
98 8
99 61
nodes: 100   cpu: 80
