0 97
1 82
2 0
3 48
4 45
5 82
6 92
7 86
8 59
9 38
10 82
11 48
12 10
13 53
14 24
15 106
16 45
17 89
18 41
19 97
20 104
21 41
22 63
23 104
24 55
25 70
26 14
27 104
28 73
29 89
30 14
31 47
32 0
33 82
34 9
35 60
36 67
37 54
38 5
39 113
40 12
41 12
42 0
43 0
44 76
45 38
46 60
47 18
48 0
49 14
50 66
51 0
52 6
53 97
54 96
55 21
56 51
57 88
58 72
59 18
60 76
61 0
62 26
63 38
64 0
65 5
66 104
67 21
68 28
69 57
70 60
71 0
72 36
73 50
74 8
75 30
76 57
77 64
78 69
79 85
80 19
81 113
82 117
83 91
84 44
85 3
86 29
87 90
88 29
89 80
90 77
91 57
92 49
93 44
94 107
95 30
96 66
97 102
98 94
99 34
nodes: 99   cpu: 76
