0 44
1 4
2 25
3 0
4 5
5 15
6 28
7 4
8 23
9 9
10 38
11 40
12 48
13 44
14 41
15 38
16 12
17 38
18 7
19 7
20 20
21 28
22 25
23 2
24 30
25 33
26 41
27 47
28 53
29 46
30 6
31 2
32 7
33 10
34 18
35 2
36 25
37 5
38 7
39 10
40 6
41 3
42 33
43 47
44 46
45 4
46 11
47 35
48 27
49 23
50 49
51 50
52 40
53 7
54 0
55 48
56 21
57 31
58 33
59 18
60 44
61 13
62 30
63 43
64 35
65 49
66 26
67 14
68 0
69 18
70 41
71 46
72 32
73 10
74 28
75 12
76 3
77 19
78 9
79 36
80 23
81 10
82 32
83 38
84 36
85 21
86 3
87 12
88 42
89 14
90 0
91 0
92 0
93 7
94 0
95 3
96 15
97 16
98 21
99 36
nodes: 101   cpu: 68
