0 2
1 5
2 39
3 41
4 28
5 33
6 4
7 16
8 16
9 0
10 39
11 31
12 8
13 26
14 41
15 33
16 36
17 11
18 11
19 0
20 17
21 23
22 8
23 27
24 30
25 4
26 28
27 13
28 43
29 47
30 18
31 6
32 23
33 39
34 41
35 26
36 23
37 0
38 30
39 49
40 36
41 44
42 47
43 20
44 0
45 42
46 6
47 0
48 13
49 6
50 15
51 5
52 9
53 8
54 2
55 33
56 38
57 4
58 26
59 23
60 0
61 44
62 51
63 3
64 26
65 4
66 26
67 15
68 33
69 31
70 26
71 18
72 35
73 11
74 20
75 33
76 36
77 30
78 20
79 11
80 6
81 15
82 22
83 16
84 2
85 13
86 2
87 20
88 45
89 8
90 22
91 25
92 51
93 29
94 10
95 0
96 42
97 36
98 23
99 18
nodes: 100   cpu: 71
