0 32
1 29
2 7
3 4
4 10
5 7
6 16
7 29
8 38
9 24
10 48
11 51
12 22
13 12
14 53
15 2
16 10
17 32
18 38
19 41
20 39
21 8
22 5
23 11
24 29
25 0
26 20
27 2
28 34
29 6
30 30
31 41
32 17
33 10
34 48
35 15
36 22
37 26
38 19
39 19
40 16
41 39
42 12
43 19
44 2
45 50
46 22
47 53
48 5
49 44
50 29
51 34
52 0
53 12
54 36
55 0
56 31
57 19
58 44
59 14
60 5
61 0
62 7
63 2
64 10
65 22
66 43
67 18
68 2
69 42
70 14
71 14
72 0
73 24
74 38
75 24
76 12
77 19
78 23
79 34
80 40
81 3
82 9
83 16
84 27
85 46
86 9
87 36
88 17
89 20
90 22
91 0
92 32
93 0
94 44
95 36
96 30
97 27
98 27
99 10
nodes: 101   cpu: 72
