0 11
1 35
2 24
3 9
4 14
5 7
6 7
7 22
8 19
9 11
10 38
11 38
12 38
13 26
14 21
15 23
16 31
17 5
18 17
19 0
20 45
21 29
22 4
23 0
24 24
25 23
26 46
27 32
28 14
29 14
30 49
31 26
32 28
33 35
34 0
35 34
36 33
37 0
38 10
39 29
40 22
41 19
42 5
43 29
44 42
45 2
46 19
47 9
48 2
49 17
50 29
51 14
52 9
53 30
54 45
55 6
56 48
57 26
58 40
59 38
60 5
61 2
62 41
63 14
64 0
65 35
66 6
67 31
68 33
69 40
70 43
71 16
72 43
73 17
74 19
75 45
76 0
77 43
78 40
79 41
80 12
81 43
82 3
83 0
84 38
85 5
86 11
87 21
88 12
89 3
90 15
91 6
92 32
93 26
94 36
95 48
96 8
97 20
98 17
99 45
nodes: 101   cpu: 70
