0 3
1 42
2 0
3 24
4 38
5 6
6 47
7 26
8 33
9 40
10 23
11 27
12 37
13 6
14 16
15 23
16 33
17 41
18 35
19 31
20 2
21 29
22 44
23 50
24 2
25 19
26 26
27 16
28 38
29 3
30 24
31 33
32 47
33 11
34 6
35 6
36 15
37 44
38 28
39 19
40 31
41 21
42 0
43 29
44 47
45 0
46 0
47 23
48 0
49 21
50 6
51 13
52 11
53 52
54 24
55 9
56 3
57 11
58 9
59 38
60 35
61 41
62 14
63 22
64 29
65 0
66 31
67 14
68 39
69 6
70 44
71 19
72 9
73 3
74 40
75 8
76 11
77 29
78 18
79 45
80 4
81 0
82 27
83 18
84 35
85 16
86 36
87 12
88 2
89 44
90 40
91 48
92 38
93 0
94 14
95 15
96 26
97 11
98 10
99 26
nodes: 101   cpu: 71
